MulensModel and script versions: ['2.24.1', '0.39.0']
Mean acceptance fraction: 0.481
Mean autocorrelation time [steps]: 100.1
Fitted parameters:
# [median, sigma+, sigma-]
    t_0 : [2456102.23909, +0.05232, -0.05433]
    u_0 : [0.25503, +0.00276, -0.00268]
    t_E : [19.59978, +0.07239, -0.07463]
    s : [2.45057, +0.00708, -0.00669]
    q : [0.0544476, +0.0012739, -0.0012780]
    alpha : [349.73548, +0.05077, -0.04998]
Fitted fluxes: # (source and blending)
# [median, sigma+, sigma-]
    flux_s_1 : [157.23137, +1.34972, -1.30038]
    flux_b_1 : [-44.75397, +1.30313, -1.35885]
Best model:
  chi2: 6142.2170
  Parameters:
    t_0: 2456102.2409696886
    u_0: 0.25487044051200347
    t_E: 19.614435408953682
    s: 2.4493283063592286
    q: 0.05454225977051858
    alpha: 349.7284363268827
  Fluxes:
    flux_s_1: 157.1282457053656
    flux_b_1: -44.656935965934814
