path_orig_settings: project-name/1L2S_project-name.yaml
event_id: example_11_OGLE
fit_constraints:
    negative_blending_flux_sigma_mag: 20.0
    prior:
        t_E: Mroz et al. 2020
pspl_1: [2456140.0011623, 0.2027607, 1.5857601, 116.586131, 0.0]
pspl_2: [2456100.0685302, 0.2266984, 23.115716, 115.6900829, 0.0]
xlim: [2455986.36, 2456253.69]
Mean acceptance fraction: 0.543
Mean autocorrelation time [steps]: 50.4
Fitted parameters:
# [median, sigma+, sigma-]
    t_0_1: [2456140.00054, +0.00056, -0.00054]
    u_0_1: [0.00997, +0.00028, -0.00027]
    t_0_2: [2456100.04640, +0.02497, -0.02492]
    u_0_2: [0.20071, +0.00774, -0.00726]
    t_E: [25.04346, +0.67679, -0.64764]
Fitted fluxes: # (source and blending)
# [median, sigma+, sigma-]
    flux_s1_1: [4.98892, +0.14221, -0.13879]
    flux_s2_1: [100.40959, +4.48934, -4.17728]
    flux_b_1: [9.49590, +4.16300, -4.50488]
Best model:
  chi2: 1559.7346
  dof: 1595
  Parameters:
    t_0_1: 2456140.0005947375
    u_0_1: 0.009917942857979709
    t_0_2: 2456100.0459214314
    u_0_2: 0.199609906331782
    t_E: 25.166367031549385
  Fluxes:
    flux_s1_1: 4.963998585646909
    flux_s2_1: 99.73490085286136
    flux_b_1: 10.150233532062128
